{
 "cells": [
  {
   "cell_type": "code",
   "execution_count": 1,
   "metadata": {},
   "outputs": [],
   "source": [
    "%matplotlib inline\n",
    "import matplotlib\n",
    "import seaborn as sns\n",
    "matplotlib.rcParams['savefig.dpi'] = 144"
   ]
  },
  {
   "cell_type": "code",
   "execution_count": 2,
   "metadata": {},
   "outputs": [],
   "source": [
    "import expectexception"
   ]
  },
  {
   "cell_type": "markdown",
   "metadata": {},
   "source": [
    "# Basic data tools: NumPy, Matplotlib, Pandas\n",
    "\n",
    "Python is a powerful and flexible programming language, but it doesn't have built-in tools for mathematical analysis or data visualization. For most data analysis we will rely on some helpful libraries. We'll explore three libraries that are very common for data analysis and visualization."
   ]
  },
  {
   "cell_type": "markdown",
   "metadata": {},
   "source": [
    "## NumPy\n",
    "\n",
    "First among these is NumPy. The main NumPy features are three-fold: its mathematical functions (e.g. `sin`, `log`, `floor`), its `random` submodule (useful for random sampling), and the NumPy `ndarray` object.\n",
    "\n",
    "A NumPy array is similar to a mathematical n-dimensional matrix. For example, \n",
    "\n",
    "$$\\begin{bmatrix}\n",
    "    x_{11} & x_{12} & x_{13} & \\dots  & x_{1n} \\\\\n",
    "    x_{21} & x_{22} & x_{23} & \\dots  & x_{2n} \\\\\n",
    "    \\vdots & \\vdots & \\vdots & \\ddots & \\vdots \\\\\n",
    "    x_{d1} & x_{d2} & x_{d3} & \\dots  & x_{dn}\n",
    "\\end{bmatrix}$$\n",
    "\n",
    "A NumPy array could be 1-dimensional (e.g. [1, 5, 20, 34, ...]), 2-dimensional (as above), or many dimensions. It's important to note that all the rows and columns of the 2-dimensional array are the same length. That will be true for all dimensions of arrays.\n",
    "\n",
    "Let's contrast this with lists."
   ]
  },
  {
   "cell_type": "code",
   "execution_count": 3,
   "metadata": {},
   "outputs": [],
   "source": [
    "# to access NumPy, we have to import it\n",
    "import numpy as np"
   ]
  },
  {
   "cell_type": "code",
   "execution_count": 4,
   "metadata": {},
   "outputs": [
    {
     "name": "stdout",
     "output_type": "stream",
     "text": [
      "[[1, 2, 3], [4, 5, 6], [7, 8, 9]]\n"
     ]
    }
   ],
   "source": [
    "list_of_lists = [[1, 2, 3], [4, 5, 6], [7, 8, 9]]\n",
    "print(list_of_lists)"
   ]
  },
  {
   "cell_type": "code",
   "execution_count": 5,
   "metadata": {},
   "outputs": [
    {
     "name": "stdout",
     "output_type": "stream",
     "text": [
      "[[1 2 3]\n",
      " [4 5 6]\n",
      " [7 8 9]]\n"
     ]
    }
   ],
   "source": [
    "an_array = np.array(list_of_lists)\n",
    "print(an_array)"
   ]
  },
  {
   "cell_type": "code",
   "execution_count": 6,
   "metadata": {},
   "outputs": [
    {
     "name": "stdout",
     "output_type": "stream",
     "text": [
      "[[0, 1, 2, 3, 4], [0, 1, 2, 3, 4], [0, 1, 2, 3, 4]]\n",
      "[[0 1 2 3 4]\n",
      " [0 1 2 3 4]\n",
      " [0 1 2 3 4]]\n",
      "int64\n",
      "(3, 5)\n"
     ]
    }
   ],
   "source": [
    "li = [list(range(5))] * 3\n",
    "print(li)\n",
    "arr = np.array(li)\n",
    "print(arr)\n",
    "print(arr.dtype)\n",
    "print(arr.shape)"
   ]
  },
  {
   "cell_type": "code",
   "execution_count": 7,
   "metadata": {},
   "outputs": [
    {
     "name": "stdout",
     "output_type": "stream",
     "text": [
      "[[1, 2], [3, 4, 5], [6, 7, 8, 9]]\n"
     ]
    }
   ],
   "source": [
    "non_rectangular = [[1, 2], [3, 4, 5], [6, 7, 8, 9]]\n",
    "print(non_rectangular)"
   ]
  },
  {
   "cell_type": "code",
   "execution_count": 8,
   "metadata": {},
   "outputs": [
    {
     "name": "stdout",
     "output_type": "stream",
     "text": [
      "[list([1, 2]) list([3, 4, 5]) list([6, 7, 8, 9])]\n"
     ]
    }
   ],
   "source": [
    "non_rectangular_array = np.array(non_rectangular)\n",
    "print(non_rectangular_array)"
   ]
  },
  {
   "cell_type": "markdown",
   "metadata": {},
   "source": [
    "Why did these print differently? Let's investigate their _shape_ and _data type_ (`dtype`)."
   ]
  },
  {
   "cell_type": "code",
   "execution_count": 9,
   "metadata": {},
   "outputs": [
    {
     "name": "stdout",
     "output_type": "stream",
     "text": [
      "(3, 3) int64\n",
      "(3,) object\n"
     ]
    }
   ],
   "source": [
    "print(an_array.shape, an_array.dtype)\n",
    "print(non_rectangular_array.shape, non_rectangular_array.dtype)"
   ]
  },
  {
   "cell_type": "markdown",
   "metadata": {},
   "source": [
    "The first case, `an_array`, is a 2-dimensional 3x3 array (of integers). In contrast, `non_rectangular_array` is a 1-dimensional length 3 array (of _objects_, namely `list` objects).\n",
    "\n",
    "We can also create a variety of arrays with NumPy's convenience functions."
   ]
  },
  {
   "cell_type": "code",
   "execution_count": 10,
   "metadata": {},
   "outputs": [
    {
     "data": {
      "text/plain": [
       "array([ 1.,  2.,  3.,  4.,  5.,  6.,  7.,  8.,  9., 10.])"
      ]
     },
     "execution_count": 10,
     "metadata": {},
     "output_type": "execute_result"
    }
   ],
   "source": [
    "np.linspace(1, 10, 10)"
   ]
  },
  {
   "cell_type": "code",
   "execution_count": 11,
   "metadata": {},
   "outputs": [
    {
     "data": {
      "text/plain": [
       "array([1, 2, 3, 4, 5, 6, 7, 8, 9])"
      ]
     },
     "execution_count": 11,
     "metadata": {},
     "output_type": "execute_result"
    }
   ],
   "source": [
    "np.arange(1, 10, 1)"
   ]
  },
  {
   "cell_type": "code",
   "execution_count": 12,
   "metadata": {},
   "outputs": [
    {
     "data": {
      "text/plain": [
       "array([1.e+01, 1.e+02, 1.e+03, 1.e+04, 1.e+05, 1.e+06, 1.e+07, 1.e+08,\n",
       "       1.e+09, 1.e+10])"
      ]
     },
     "execution_count": 12,
     "metadata": {},
     "output_type": "execute_result"
    }
   ],
   "source": [
    "np.logspace(1, 10, 10)"
   ]
  },
  {
   "cell_type": "code",
   "execution_count": 13,
   "metadata": {},
   "outputs": [
    {
     "data": {
      "text/plain": [
       "array([0., 0., 0., 0., 0., 0., 0., 0., 0., 0.])"
      ]
     },
     "execution_count": 13,
     "metadata": {},
     "output_type": "execute_result"
    }
   ],
   "source": [
    "np.zeros(10)"
   ]
  },
  {
   "cell_type": "code",
   "execution_count": 14,
   "metadata": {},
   "outputs": [
    {
     "data": {
      "text/plain": [
       "array([[1, 0, 0, 0],\n",
       "       [0, 2, 0, 0],\n",
       "       [0, 0, 3, 0],\n",
       "       [0, 0, 0, 4]])"
      ]
     },
     "execution_count": 14,
     "metadata": {},
     "output_type": "execute_result"
    }
   ],
   "source": [
    "np.diag([1,2,3,4])"
   ]
  },
  {
   "cell_type": "code",
   "execution_count": 15,
   "metadata": {},
   "outputs": [
    {
     "data": {
      "text/plain": [
       "array([[1., 0., 0., 0., 0.],\n",
       "       [0., 1., 0., 0., 0.],\n",
       "       [0., 0., 1., 0., 0.],\n",
       "       [0., 0., 0., 1., 0.],\n",
       "       [0., 0., 0., 0., 1.]])"
      ]
     },
     "execution_count": 15,
     "metadata": {},
     "output_type": "execute_result"
    }
   ],
   "source": [
    "np.eye(5)"
   ]
  },
  {
   "cell_type": "markdown",
   "metadata": {},
   "source": [
    "We can also convert the `dtype` of an array after creation."
   ]
  },
  {
   "cell_type": "code",
   "execution_count": 16,
   "metadata": {},
   "outputs": [
    {
     "name": "stdout",
     "output_type": "stream",
     "text": [
      "[1.e+01 1.e+02 1.e+03 1.e+04 1.e+05 1.e+06 1.e+07 1.e+08 1.e+09 1.e+10]\n",
      "float64\n",
      "[         10         100        1000       10000      100000     1000000\n",
      "    10000000   100000000  1000000000 10000000000]\n",
      "int64\n"
     ]
    }
   ],
   "source": [
    "print(np.logspace(1, 10, 10))\n",
    "print(np.logspace(1, 10, 10).dtype)\n",
    "print(np.logspace(1, 10, 10).astype(int))\n",
    "print(np.logspace(1, 10, 10).astype(int).dtype)"
   ]
  },
  {
   "cell_type": "markdown",
   "metadata": {},
   "source": [
    "Why does any of this matter?\n",
    "\n",
    "Arrays are often more efficient in terms of code as well as computational resources for certain calculations. Computationally this efficiency comes from the fact that we pre-allocate a contiguous block of memory for the results of our computation.\n",
    "\n",
    "To explore the advantages in code, let's try to do some math on these numbers.\n",
    "\n",
    "First let's simply calculate the sum of all the numbers and look at the differences in the necessary code for `list_of_lists`, `an_array`, and `non_rectangular_array`."
   ]
  },
  {
   "cell_type": "code",
   "execution_count": 17,
   "metadata": {},
   "outputs": [
    {
     "name": "stdout",
     "output_type": "stream",
     "text": [
      "45\n",
      "45\n"
     ]
    }
   ],
   "source": [
    "print(sum([sum(inner_list) for inner_list in list_of_lists]))\n",
    "print(an_array.sum())"
   ]
  },
  {
   "cell_type": "code",
   "execution_count": 18,
   "metadata": {},
   "outputs": [
    {
     "name": "stdout",
     "output_type": "stream",
     "text": [
      "[[0, 1, 2, 3, 4], [0, 1, 2, 3, 4], [0, 1, 2, 3, 4]]\n",
      "inner sum =  [10, 10, 10]\n",
      "sum_outer_li 30\n"
     ]
    }
   ],
   "source": [
    "li = [list(range(5))] * 3\n",
    "print(li)\n",
    "\n",
    "#sum all li\n",
    "sum_inner_li = [sum(list_) for list_ in li]\n",
    "print('inner sum = ', sum_inner_li)\n",
    "sum_outer_li = sum(sum_inner_li)\n",
    "print(\"sum_outer_li\", sum_outer_li)"
   ]
  },
  {
   "cell_type": "code",
   "execution_count": 19,
   "metadata": {},
   "outputs": [
    {
     "name": "stdout",
     "output_type": "stream",
     "text": [
      "[[0 1 2 3 4]\n",
      " [0 1 2 3 4]\n",
      " [0 1 2 3 4]]\n",
      "30\n",
      "[10 10 10]\n",
      "[ 0  3  6  9 12]\n"
     ]
    }
   ],
   "source": [
    "arr = np.array(li)\n",
    "print(arr)\n",
    "print(np.sum(arr))\n",
    "print(np.sum(arr, axis=1)) # sum each row\n",
    "print(np.sum(arr, axis=0)) # sum each column"
   ]
  },
  {
   "cell_type": "markdown",
   "metadata": {},
   "source": [
    "Summing the numbers in an array is much easier than for a list of lists. We don't have to dig into a hierarchy of lists, we just use the `sum` method of the `ndarray`. Does this still work for `non_rectangular_array`?"
   ]
  },
  {
   "cell_type": "code",
   "execution_count": 20,
   "metadata": {},
   "outputs": [
    {
     "name": "stdout",
     "output_type": "stream",
     "text": [
      "[1, 2, 3, 4, 5, 6, 7, 8, 9]\n"
     ]
    }
   ],
   "source": [
    "# what happens here?\n",
    "print(non_rectangular_array.sum())"
   ]
  },
  {
   "cell_type": "markdown",
   "metadata": {},
   "source": [
    "Remember `non_rectangular_array` is a 1-dimensional array of `list` objects. The `sum` method tries to add them together: first list + second list + third list. Addition of lists results in _concatenation_."
   ]
  },
  {
   "cell_type": "code",
   "execution_count": 21,
   "metadata": {},
   "outputs": [
    {
     "name": "stdout",
     "output_type": "stream",
     "text": [
      "[1, 2, 3, 4, 5, 6, 7, 8, 9]\n"
     ]
    }
   ],
   "source": [
    "# concatenate three lists\n",
    "print([1, 2] + [3, 4, 5] + [6, 7, 8, 9])"
   ]
  },
  {
   "cell_type": "markdown",
   "metadata": {},
   "source": [
    "The contrast becomes even more clear when we try to sum rows or columns individually."
   ]
  },
  {
   "cell_type": "code",
   "execution_count": 22,
   "metadata": {},
   "outputs": [
    {
     "name": "stdout",
     "output_type": "stream",
     "text": [
      "Array row sums:  [ 6 15 24]\n",
      "Array column sums:  [12 15 18]\n"
     ]
    }
   ],
   "source": [
    "print('Array row sums: ', an_array.sum(axis=1))\n",
    "print('Array column sums: ', an_array.sum(axis=0))"
   ]
  },
  {
   "cell_type": "code",
   "execution_count": 23,
   "metadata": {},
   "outputs": [
    {
     "name": "stdout",
     "output_type": "stream",
     "text": [
      "List of list row sums:  [6, 15, 24]\n",
      "List of list column sums:  [12, 15, 18]\n"
     ]
    }
   ],
   "source": [
    "print('List of list row sums: ', [sum(inner_list) for inner_list in list_of_lists])\n",
    "\n",
    "def column_sum(list_of_lists):\n",
    "    running_sums = [0] * len(list_of_lists[0])\n",
    "    for inner_list in list_of_lists:\n",
    "        for i, number in enumerate(inner_list):\n",
    "            running_sums[i] += number\n",
    "            \n",
    "    return running_sums\n",
    "\n",
    "print('List of list column sums: ', column_sum(list_of_lists))"
   ]
  },
  {
   "cell_type": "markdown",
   "metadata": {},
   "source": [
    "Generally it is much more natural to do mathematical operations with arrays than lists."
   ]
  },
  {
   "cell_type": "code",
   "execution_count": 24,
   "metadata": {},
   "outputs": [
    {
     "name": "stdout",
     "output_type": "stream",
     "text": [
      "[ 6  7  8  9 10]\n",
      "[ 5 10 15 20 25]\n",
      "[0.2 0.4 0.6 0.8 1. ]\n"
     ]
    }
   ],
   "source": [
    "a = np.array([1, 2, 3, 4, 5])\n",
    "print(a + 5) # add a scalar\n",
    "print(a * 5) # multiply by a scalar\n",
    "print(a / 5) # divide by a scalar (note the float!)"
   ]
  },
  {
   "cell_type": "code",
   "execution_count": 25,
   "metadata": {},
   "outputs": [
    {
     "name": "stdout",
     "output_type": "stream",
     "text": [
      "[ 3  5  7  9 11]\n",
      "[ 2  6 12 20 30]\n",
      "[0.5        0.66666667 0.75       0.8        0.83333333]\n",
      "[[1. 2. 3. 4.]]\n",
      "[[1 2 3 4]]\n",
      "[1 2 3 4]\n",
      "[array([1, 2, 3, 4])]\n"
     ]
    }
   ],
   "source": [
    "b = a + 1\n",
    "print(a + b) # add together two arrays\n",
    "print(a * b) # multiply two arrays (element-wise)\n",
    "print(a / b.astype(float)) # divide two arrays (element-wise)\n",
    "c = np.array([range(1, 5)])\n",
    "print(c.astype(float))\n",
    "print(c)\n",
    "print(c[0])\n",
    "print(list(c))"
   ]
  },
  {
   "cell_type": "markdown",
   "metadata": {},
   "source": [
    "Arrays can also be used for linear algebra, acting as vectors, matrices, tensors, etc."
   ]
  },
  {
   "cell_type": "code",
   "execution_count": 26,
   "metadata": {},
   "outputs": [
    {
     "name": "stdout",
     "output_type": "stream",
     "text": [
      "70\n",
      "[[ 2  3  4  5  6]\n",
      " [ 4  6  8 10 12]\n",
      " [ 6  9 12 15 18]\n",
      " [ 8 12 16 20 24]\n",
      " [10 15 20 25 30]]\n"
     ]
    }
   ],
   "source": [
    "print(np.dot(a, b)) # inner product of two arrays\n",
    "print(np.outer(a, b)) # outer product of two arrays"
   ]
  },
  {
   "cell_type": "markdown",
   "metadata": {},
   "source": [
    "Arrays have a lot to offer us in terms of representing and analyzing data, since we can easily apply mathematical functions to data sets or sections of data sets. Most of the time we won't run into any trouble using arrays, but it's good to be mindful of the restrictions around shape and datatype.\n",
    "\n",
    "These restrictions around `shape` and `dtype` allow the `ndarray` objects to be much more performant compared to a general Python `list`.  There are few reasons for this, but the main two result from the typed nature of the `ndarray`, as this allows contiguous memory storage and consistent function lookup.  When a Python `list` is summed, Python needs to figure out at runtime the correct way in which to add each element of the list together.  When an `ndarray` is summed, `NumPy` already knows the type of the each element (and they are consistent), thus it can sum them without checking the correct add function for each element.\n",
    "\n",
    "Lets see this in action by doing some basic profiling.  First we will create a list of 100000 random elements and then time the sum function."
   ]
  },
  {
   "cell_type": "code",
   "execution_count": 27,
   "metadata": {},
   "outputs": [],
   "source": [
    "time_list = [np.random.random() for _ in range(100000)]\n",
    "time_arr = np.array(time_list)\n",
    "\n",
    "# [np.random.random() for i in range(3)]"
   ]
  },
  {
   "cell_type": "code",
   "execution_count": 28,
   "metadata": {},
   "outputs": [
    {
     "name": "stdout",
     "output_type": "stream",
     "text": [
      "464 µs ± 7.93 µs per loop (mean ± std. dev. of 7 runs, 1000 loops each)\n"
     ]
    }
   ],
   "source": [
    "%%timeit \n",
    "sum(time_list)"
   ]
  },
  {
   "cell_type": "code",
   "execution_count": 29,
   "metadata": {},
   "outputs": [
    {
     "name": "stdout",
     "output_type": "stream",
     "text": [
      "51.1 µs ± 1.27 µs per loop (mean ± std. dev. of 7 runs, 10000 loops each)\n"
     ]
    }
   ],
   "source": [
    "%%timeit\n",
    "np.sum(time_arr)"
   ]
  },
  {
   "cell_type": "markdown",
   "metadata": {},
   "source": [
    "### Universal functions\n",
    "\n",
    "`NumPy` defines a `ufunc` which allows it to efficiently run functions over arrays.  Many of these functions are built in, such as `np.cos`, and implemented in highly performance compiled `C` code.  These functions can perform `broadcasting` which allows them to automatically handle operations between arrays of different shapes, for example two arrays with the same shape, or an array and a scalar."
   ]
  },
  {
   "cell_type": "markdown",
   "metadata": {},
   "source": [
    "### Changing Shape\n",
    "\n",
    "Often we will want to take arrays that are one shape and transform them to a different shape more amenable to a specific operation."
   ]
  },
  {
   "cell_type": "code",
   "execution_count": 30,
   "metadata": {},
   "outputs": [
    {
     "name": "stdout",
     "output_type": "stream",
     "text": [
      "(20, 10)\n"
     ]
    },
    {
     "data": {
      "text/plain": [
       "array([[0.87666909, 0.93690713, 0.15836778, 0.96191241, 0.4854303 ,\n",
       "        0.39213442, 0.63990515, 0.60074205, 0.84124087, 0.52946827],\n",
       "       [0.38532471, 0.295651  , 0.77461125, 0.12900139, 0.59153903,\n",
       "        0.79402976, 0.8175149 , 0.21430226, 0.40175866, 0.80827529],\n",
       "       [0.8649273 , 0.97072474, 0.70736543, 0.53272491, 0.15784399,\n",
       "        0.24838125, 0.42514487, 0.29445491, 0.51215262, 0.78002435],\n",
       "       [0.77217813, 0.14806   , 0.97811431, 0.67113646, 0.35964358,\n",
       "        0.41297326, 0.86108471, 0.10845556, 0.67794881, 0.40619829],\n",
       "       [0.0395702 , 0.48982876, 0.04693372, 0.2697837 , 0.75690426,\n",
       "        0.06033941, 0.42199032, 0.19493164, 0.85700041, 0.3737131 ],\n",
       "       [0.6315529 , 0.38196193, 0.71491621, 0.31018175, 0.17853239,\n",
       "        0.79091361, 0.11816021, 0.64976557, 0.40454848, 0.03227237],\n",
       "       [0.60521813, 0.13608746, 0.86489428, 0.55642436, 0.4812293 ,\n",
       "        0.69466207, 0.73135061, 0.68694697, 0.92823684, 0.38773845],\n",
       "       [0.33135165, 0.03820623, 0.83867767, 0.0716139 , 0.53039242,\n",
       "        0.04452007, 0.87746686, 0.8188527 , 0.66971895, 0.75665897],\n",
       "       [0.75733749, 0.35677147, 0.64136223, 0.42241534, 0.48188539,\n",
       "        0.54120632, 0.82735943, 0.57812826, 0.24416705, 0.93844012],\n",
       "       [0.21712832, 0.56090587, 0.95409696, 0.97081177, 0.94981913,\n",
       "        0.63236215, 0.91274844, 0.59740263, 0.3797391 , 0.8820277 ],\n",
       "       [0.02650174, 0.5480702 , 0.11693724, 0.19916924, 0.99367003,\n",
       "        0.70067448, 0.7589035 , 0.16607868, 0.14445268, 0.65092798],\n",
       "       [0.78124692, 0.57509008, 0.97200441, 0.63526156, 0.76659613,\n",
       "        0.41136826, 0.61479966, 0.64633086, 0.0499115 , 0.99068343],\n",
       "       [0.50850338, 0.76205438, 0.03105341, 0.5275275 , 0.39936447,\n",
       "        0.88854612, 0.473509  , 0.41266974, 0.30021814, 0.04248063],\n",
       "       [0.70196532, 0.54791342, 0.49523401, 0.30351524, 0.21436702,\n",
       "        0.2724276 , 0.8591863 , 0.82211712, 0.02272101, 0.89778061],\n",
       "       [0.55104932, 0.76923788, 0.30844377, 0.58684682, 0.53046576,\n",
       "        0.97299621, 0.94314693, 0.5759655 , 0.08416305, 0.36941462],\n",
       "       [0.88026957, 0.97010759, 0.20548658, 0.3743682 , 0.96503804,\n",
       "        0.09179474, 0.22392765, 0.89016537, 0.34154087, 0.02598688],\n",
       "       [0.39930256, 0.16250245, 0.97294744, 0.30457232, 0.79244158,\n",
       "        0.33586959, 0.60218396, 0.44584545, 0.50169633, 0.50373786],\n",
       "       [0.41328972, 0.16854816, 0.54422084, 0.12925134, 0.91932566,\n",
       "        0.46450317, 0.25054403, 0.09871835, 0.68561284, 0.972278  ],\n",
       "       [0.70662241, 0.71608819, 0.1491611 , 0.07011651, 0.83418319,\n",
       "        0.15749964, 0.39481243, 0.49460134, 0.82033373, 0.37448714],\n",
       "       [0.01293261, 0.17343   , 0.54540744, 0.80627255, 0.60334477,\n",
       "        0.45218686, 0.37339863, 0.78026024, 0.54782348, 0.49827636]])"
      ]
     },
     "execution_count": 30,
     "metadata": {},
     "output_type": "execute_result"
    }
   ],
   "source": [
    "mat = np.random.rand(20, 10)\n",
    "print(mat.shape)\n",
    "mat"
   ]
  },
  {
   "cell_type": "code",
   "execution_count": 31,
   "metadata": {},
   "outputs": [
    {
     "name": "stdout",
     "output_type": "stream",
     "text": [
      "(40, 5)\n",
      "[[0.87666909 0.93690713 0.15836778 0.96191241 0.4854303 ]\n",
      " [0.39213442 0.63990515 0.60074205 0.84124087 0.52946827]\n",
      " [0.38532471 0.295651   0.77461125 0.12900139 0.59153903]\n",
      " [0.79402976 0.8175149  0.21430226 0.40175866 0.80827529]\n",
      " [0.8649273  0.97072474 0.70736543 0.53272491 0.15784399]\n",
      " [0.24838125 0.42514487 0.29445491 0.51215262 0.78002435]\n",
      " [0.77217813 0.14806    0.97811431 0.67113646 0.35964358]\n",
      " [0.41297326 0.86108471 0.10845556 0.67794881 0.40619829]\n",
      " [0.0395702  0.48982876 0.04693372 0.2697837  0.75690426]\n",
      " [0.06033941 0.42199032 0.19493164 0.85700041 0.3737131 ]\n",
      " [0.6315529  0.38196193 0.71491621 0.31018175 0.17853239]\n",
      " [0.79091361 0.11816021 0.64976557 0.40454848 0.03227237]\n",
      " [0.60521813 0.13608746 0.86489428 0.55642436 0.4812293 ]\n",
      " [0.69466207 0.73135061 0.68694697 0.92823684 0.38773845]\n",
      " [0.33135165 0.03820623 0.83867767 0.0716139  0.53039242]\n",
      " [0.04452007 0.87746686 0.8188527  0.66971895 0.75665897]\n",
      " [0.75733749 0.35677147 0.64136223 0.42241534 0.48188539]\n",
      " [0.54120632 0.82735943 0.57812826 0.24416705 0.93844012]\n",
      " [0.21712832 0.56090587 0.95409696 0.97081177 0.94981913]\n",
      " [0.63236215 0.91274844 0.59740263 0.3797391  0.8820277 ]\n",
      " [0.02650174 0.5480702  0.11693724 0.19916924 0.99367003]\n",
      " [0.70067448 0.7589035  0.16607868 0.14445268 0.65092798]\n",
      " [0.78124692 0.57509008 0.97200441 0.63526156 0.76659613]\n",
      " [0.41136826 0.61479966 0.64633086 0.0499115  0.99068343]\n",
      " [0.50850338 0.76205438 0.03105341 0.5275275  0.39936447]\n",
      " [0.88854612 0.473509   0.41266974 0.30021814 0.04248063]\n",
      " [0.70196532 0.54791342 0.49523401 0.30351524 0.21436702]\n",
      " [0.2724276  0.8591863  0.82211712 0.02272101 0.89778061]\n",
      " [0.55104932 0.76923788 0.30844377 0.58684682 0.53046576]\n",
      " [0.97299621 0.94314693 0.5759655  0.08416305 0.36941462]\n",
      " [0.88026957 0.97010759 0.20548658 0.3743682  0.96503804]\n",
      " [0.09179474 0.22392765 0.89016537 0.34154087 0.02598688]\n",
      " [0.39930256 0.16250245 0.97294744 0.30457232 0.79244158]\n",
      " [0.33586959 0.60218396 0.44584545 0.50169633 0.50373786]\n",
      " [0.41328972 0.16854816 0.54422084 0.12925134 0.91932566]\n",
      " [0.46450317 0.25054403 0.09871835 0.68561284 0.972278  ]\n",
      " [0.70662241 0.71608819 0.1491611  0.07011651 0.83418319]\n",
      " [0.15749964 0.39481243 0.49460134 0.82033373 0.37448714]\n",
      " [0.01293261 0.17343    0.54540744 0.80627255 0.60334477]\n",
      " [0.45218686 0.37339863 0.78026024 0.54782348 0.49827636]]\n"
     ]
    }
   ],
   "source": [
    "reshaped_mat = mat.reshape(40, 5)\n",
    "print(reshaped_mat.shape)\n",
    "print(reshaped_mat)"
   ]
  },
  {
   "cell_type": "code",
   "execution_count": 32,
   "metadata": {},
   "outputs": [
    {
     "name": "stdout",
     "output_type": "stream",
     "text": [
      "\u001b[0;31m---------------------------------------------------------------------------\u001b[0m\n",
      "\u001b[0;31mValueError\u001b[0m                                Traceback (most recent call last)\n",
      "\u001b[0;32m<ipython-input-32-8f32a9a8072f>\u001b[0m in \u001b[0;36m<module>\u001b[0;34m()\u001b[0m\n",
      "\u001b[1;32m      1\u001b[0m \u001b[0;34m\u001b[0m\u001b[0m\n",
      "\u001b[0;32m----> 2\u001b[0;31m \u001b[0mmat\u001b[0m\u001b[0;34m.\u001b[0m\u001b[0mreshape\u001b[0m\u001b[0;34m(\u001b[0m\u001b[0;36m30\u001b[0m\u001b[0;34m,\u001b[0m \u001b[0;36m5\u001b[0m\u001b[0;34m)\u001b[0m\u001b[0;34m\u001b[0m\u001b[0;34m\u001b[0m\u001b[0m\n",
      "\u001b[0m\n",
      "\u001b[0;31mValueError\u001b[0m: cannot reshape array of size 200 into shape (30,5)\n"
     ]
    }
   ],
   "source": [
    "%%expect_exception ValueError\n",
    "\n",
    "mat.reshape(30, 5)"
   ]
  },
  {
   "cell_type": "code",
   "execution_count": 33,
   "metadata": {},
   "outputs": [
    {
     "data": {
      "text/plain": [
       "(200,)"
      ]
     },
     "execution_count": 33,
     "metadata": {},
     "output_type": "execute_result"
    }
   ],
   "source": [
    "mat.ravel().shape"
   ]
  },
  {
   "cell_type": "code",
   "execution_count": 34,
   "metadata": {},
   "outputs": [
    {
     "name": "stdout",
     "output_type": "stream",
     "text": [
      "[[0.87666909 0.38532471 0.8649273  0.77217813 0.0395702  0.6315529\n",
      "  0.60521813 0.33135165 0.75733749 0.21712832 0.02650174 0.78124692\n",
      "  0.50850338 0.70196532 0.55104932 0.88026957 0.39930256 0.41328972\n",
      "  0.70662241 0.01293261]\n",
      " [0.93690713 0.295651   0.97072474 0.14806    0.48982876 0.38196193\n",
      "  0.13608746 0.03820623 0.35677147 0.56090587 0.5480702  0.57509008\n",
      "  0.76205438 0.54791342 0.76923788 0.97010759 0.16250245 0.16854816\n",
      "  0.71608819 0.17343   ]\n",
      " [0.15836778 0.77461125 0.70736543 0.97811431 0.04693372 0.71491621\n",
      "  0.86489428 0.83867767 0.64136223 0.95409696 0.11693724 0.97200441\n",
      "  0.03105341 0.49523401 0.30844377 0.20548658 0.97294744 0.54422084\n",
      "  0.1491611  0.54540744]\n",
      " [0.96191241 0.12900139 0.53272491 0.67113646 0.2697837  0.31018175\n",
      "  0.55642436 0.0716139  0.42241534 0.97081177 0.19916924 0.63526156\n",
      "  0.5275275  0.30351524 0.58684682 0.3743682  0.30457232 0.12925134\n",
      "  0.07011651 0.80627255]\n",
      " [0.4854303  0.59153903 0.15784399 0.35964358 0.75690426 0.17853239\n",
      "  0.4812293  0.53039242 0.48188539 0.94981913 0.99367003 0.76659613\n",
      "  0.39936447 0.21436702 0.53046576 0.96503804 0.79244158 0.91932566\n",
      "  0.83418319 0.60334477]\n",
      " [0.39213442 0.79402976 0.24838125 0.41297326 0.06033941 0.79091361\n",
      "  0.69466207 0.04452007 0.54120632 0.63236215 0.70067448 0.41136826\n",
      "  0.88854612 0.2724276  0.97299621 0.09179474 0.33586959 0.46450317\n",
      "  0.15749964 0.45218686]\n",
      " [0.63990515 0.8175149  0.42514487 0.86108471 0.42199032 0.11816021\n",
      "  0.73135061 0.87746686 0.82735943 0.91274844 0.7589035  0.61479966\n",
      "  0.473509   0.8591863  0.94314693 0.22392765 0.60218396 0.25054403\n",
      "  0.39481243 0.37339863]\n",
      " [0.60074205 0.21430226 0.29445491 0.10845556 0.19493164 0.64976557\n",
      "  0.68694697 0.8188527  0.57812826 0.59740263 0.16607868 0.64633086\n",
      "  0.41266974 0.82211712 0.5759655  0.89016537 0.44584545 0.09871835\n",
      "  0.49460134 0.78026024]\n",
      " [0.84124087 0.40175866 0.51215262 0.67794881 0.85700041 0.40454848\n",
      "  0.92823684 0.66971895 0.24416705 0.3797391  0.14445268 0.0499115\n",
      "  0.30021814 0.02272101 0.08416305 0.34154087 0.50169633 0.68561284\n",
      "  0.82033373 0.54782348]\n",
      " [0.52946827 0.80827529 0.78002435 0.40619829 0.3737131  0.03227237\n",
      "  0.38773845 0.75665897 0.93844012 0.8820277  0.65092798 0.99068343\n",
      "  0.04248063 0.89778061 0.36941462 0.02598688 0.50373786 0.972278\n",
      "  0.37448714 0.49827636]]\n"
     ]
    }
   ],
   "source": [
    "mat.transpose().shape\n",
    "print(mat.transpose())"
   ]
  },
  {
   "cell_type": "markdown",
   "metadata": {},
   "source": [
    "### Combining arrays"
   ]
  },
  {
   "cell_type": "code",
   "execution_count": 35,
   "metadata": {},
   "outputs": [
    {
     "name": "stdout",
     "output_type": "stream",
     "text": [
      "[1 2 3 4 5]\n",
      "[2 3 4 5 6]\n"
     ]
    }
   ],
   "source": [
    "print(a)\n",
    "print(b)"
   ]
  },
  {
   "cell_type": "code",
   "execution_count": 36,
   "metadata": {},
   "outputs": [
    {
     "data": {
      "text/plain": [
       "array([1, 2, 3, 4, 5, 2, 3, 4, 5, 6])"
      ]
     },
     "execution_count": 36,
     "metadata": {},
     "output_type": "execute_result"
    }
   ],
   "source": [
    "np.hstack((a, b))"
   ]
  },
  {
   "cell_type": "code",
   "execution_count": 37,
   "metadata": {},
   "outputs": [
    {
     "data": {
      "text/plain": [
       "array([[1, 2, 3, 4, 5],\n",
       "       [2, 3, 4, 5, 6]])"
      ]
     },
     "execution_count": 37,
     "metadata": {},
     "output_type": "execute_result"
    }
   ],
   "source": [
    "np.vstack((a, b))"
   ]
  },
  {
   "cell_type": "code",
   "execution_count": 38,
   "metadata": {},
   "outputs": [
    {
     "name": "stdout",
     "output_type": "stream",
     "text": [
      "[[1 2 3 4 5]\n",
      " [2 3 4 5 6]]\n",
      "(2, 5)\n"
     ]
    }
   ],
   "source": [
    "vstck = np.vstack((a, b))\n",
    "print(vstck)\n",
    "print(vstck.shape)"
   ]
  },
  {
   "cell_type": "code",
   "execution_count": 39,
   "metadata": {},
   "outputs": [
    {
     "data": {
      "text/plain": [
       "array([[[1, 2],\n",
       "        [2, 3],\n",
       "        [3, 4],\n",
       "        [4, 5],\n",
       "        [5, 6]]])"
      ]
     },
     "execution_count": 39,
     "metadata": {},
     "output_type": "execute_result"
    }
   ],
   "source": [
    "np.dstack((a, b))"
   ]
  },
  {
   "cell_type": "markdown",
   "metadata": {},
   "source": [
    "### Basic data aggregation\n",
    "\n",
    "Let's explore some more examples of using arrays, this time using NumPy's `random` submodule to create some \"fake data\". Simulating data is useful for testing and prototyping new techniques or code, and some algorithms even require random input."
   ]
  },
  {
   "cell_type": "code",
   "execution_count": 40,
   "metadata": {},
   "outputs": [
    {
     "name": "stdout",
     "output_type": "stream",
     "text": [
      "[[127 117  39 131  96  45 127]\n",
      " [146  99 112 141 124 128 176]\n",
      " [155 174  77  26 112 182  62]\n",
      " [154  45 185  82  46 113  73]]\n"
     ]
    }
   ],
   "source": [
    "np.random.seed(42)\n",
    "jan_coffee_sales = np.random.randint(25, 200, size=(4, 7))\n",
    "print(jan_coffee_sales)"
   ]
  },
  {
   "cell_type": "code",
   "execution_count": 41,
   "metadata": {},
   "outputs": [
    {
     "name": "stdout",
     "output_type": "stream",
     "text": [
      "Mean coffees sold per day in January: 110\n"
     ]
    }
   ],
   "source": [
    "# mean sales\n",
    "print('Mean coffees sold per day in January: %d' % jan_coffee_sales.mean())"
   ]
  },
  {
   "cell_type": "code",
   "execution_count": 42,
   "metadata": {},
   "outputs": [
    {
     "data": {
      "text/plain": [
       "110.5"
      ]
     },
     "execution_count": 42,
     "metadata": {},
     "output_type": "execute_result"
    }
   ],
   "source": [
    "# Finding mean of an array - method 2:\n",
    "# convert the array to a 1 dimensional row matrix, then convert t to a list, sum the list and divide by it's length\n",
    "li = list(jan_coffee_sales.ravel())\n",
    "sum(li)/len(li)"
   ]
  },
  {
   "cell_type": "code",
   "execution_count": 43,
   "metadata": {},
   "outputs": [
    {
     "name": "stdout",
     "output_type": "stream",
     "text": [
      "[[127 117  39 131  96  45 127]\n",
      " [146  99 112 141 124 128 176]\n",
      " [155 174  77  26 112 182  62]\n",
      " [154  45 185  82  46 113  73]]\n",
      "-------------------------------------------------------\n",
      "\n",
      "[127 117  39 131  96  45 127]\n",
      "[146  99 112 141 124]\n",
      "[155  77 112]\n",
      "[ 73 113  46  82 185  45 154]\n",
      "---------------------------------------------------------------------------------\n",
      "\n",
      "[127 146 155 154]\n",
      "[117  99 174]\n",
      "[185  77 112  39]\n"
     ]
    }
   ],
   "source": [
    "print(jan_coffee_sales)\n",
    "print('-------------------------------------------------------\\n')\n",
    "\n",
    "print(jan_coffee_sales[0, :]) # from row 0, select all items\n",
    "print(jan_coffee_sales[1, 0:5]) # from row 1, select items from index 0 to 4\n",
    "print(jan_coffee_sales[2, 0:6:2]) # from row 2, select items 0 to 6 with a step size of 2\n",
    "print(jan_coffee_sales[3, ::-1]) # from row 3, select all items, but in reverse order\n",
    "print('---------------------------------------------------------------------------------\\n')\n",
    "\n",
    "print(jan_coffee_sales[:, 0]) # from column 0, select all items\n",
    "print(jan_coffee_sales[0:3, 1]) # from column 1, select items from 0 to 2, with a step size of 1\n",
    "print(jan_coffee_sales[::-1, 2]) # from column 2, slect all items, but in reverse order"
   ]
  },
  {
   "cell_type": "code",
   "execution_count": 44,
   "metadata": {},
   "outputs": [
    {
     "name": "stdout",
     "output_type": "stream",
     "text": [
      "Mean coffees sold on Monday in January: 108\n"
     ]
    }
   ],
   "source": [
    "# mean sales for Monday\n",
    "print('Mean coffees sold on Monday in January: %d' % jan_coffee_sales[:, 1].mean())"
   ]
  },
  {
   "cell_type": "code",
   "execution_count": 45,
   "metadata": {},
   "outputs": [
    {
     "name": "stdout",
     "output_type": "stream",
     "text": [
      "Day with highest sales was January 24\n"
     ]
    }
   ],
   "source": [
    "# day with most sales\n",
    "# remember we count dates from 1, not 0!\n",
    "print('Day with highest sales was January %d' % (jan_coffee_sales.argmax() + 1))"
   ]
  },
  {
   "cell_type": "code",
   "execution_count": 46,
   "metadata": {},
   "outputs": [
    {
     "name": "stdout",
     "output_type": "stream",
     "text": [
      "185\n",
      "23\n",
      "january 24\n"
     ]
    }
   ],
   "source": [
    "maxvalue = jan_coffee_sales.max()\n",
    "print(maxvalue)\n",
    "index_of_maxvalue = jan_coffee_sales.argmax()\n",
    "print(index_of_maxvalue)\n",
    "day = index_of_maxvalue + 1\n",
    "print(f\"january {day}\")"
   ]
  },
  {
   "cell_type": "code",
   "execution_count": null,
   "metadata": {},
   "outputs": [],
   "source": []
  },
  {
   "cell_type": "code",
   "execution_count": 47,
   "metadata": {},
   "outputs": [
    {
     "data": {
      "text/plain": [
       "[(Fraction(0, 1), 4.930380657631324e-32),\n",
       " (Fraction(1, 28), 11.81850804066758),\n",
       " (Fraction(1, 14), 3.0624177128282777),\n",
       " (Fraction(3, 28), 3.6145035763808595),\n",
       " (Fraction(1, 7), 8.992489334676053),\n",
       " (Fraction(5, 28), 3.689054592513946),\n",
       " (Fraction(3, 14), 8.363267066546033),\n",
       " (Fraction(1, 4), 16.615944819859244),\n",
       " (Fraction(2, 7), 0.6736105397207648),\n",
       " (Fraction(9, 28), 6.846412421396466),\n",
       " (Fraction(5, 14), 14.279717692527932),\n",
       " (Fraction(11, 28), 17.951272090034657),\n",
       " (Fraction(3, 7), 4.608890497088778),\n",
       " (Fraction(13, 28), 6.579601542582696)]"
      ]
     },
     "execution_count": 47,
     "metadata": {},
     "output_type": "execute_result"
    }
   ],
   "source": [
    "# is there a weekly periodicity?\n",
    "from fractions import Fraction\n",
    "\n",
    "normalized_sales = (jan_coffee_sales - jan_coffee_sales.mean()) / abs(jan_coffee_sales - jan_coffee_sales.mean()).max()\n",
    "frequencies = [Fraction.from_float(f).limit_denominator() for f in np.fft.fftfreq(normalized_sales.size)]\n",
    "power = np.abs(np.fft.fft(normalized_sales.ravel()))**2\n",
    "list(zip(frequencies, power))[:len(power) // 2]"
   ]
  },
  {
   "cell_type": "markdown",
   "metadata": {},
   "source": [
    "Some of the functions we used above do not exist in standard Python and are provided to us by NumPy. Additionally we see that we can use the shape of an array to help us compute statistics on a subset of our data (e.g. mean number of coffees sold on Mondays). But one of the most powerful things we can do to explore data is to simply visualize it."
   ]
  },
  {
   "cell_type": "markdown",
   "metadata": {},
   "source": [
    "## Matplotlib\n",
    "\n",
    "Matplotlib is the most popular Python plotting library. It allows us to visualize data quickly by providing a variety of types of graphs (e.g. bar, scatter, line, etc.). It also provides useful tools for arranging multiple images or image components within a figure, enabling us to build up more complex visualizations as we need to.\n",
    "\n",
    "Let's visualize some data! In the next cells, we'll generate some data. For now we'll be focusing on how the graphs are produced rather than how the data is made."
   ]
  },
  {
   "cell_type": "code",
   "execution_count": 48,
   "metadata": {},
   "outputs": [],
   "source": [
    "import matplotlib.pyplot as plt"
   ]
  },
  {
   "cell_type": "code",
   "execution_count": 49,
   "metadata": {},
   "outputs": [
    {
     "data": {
      "text/plain": [
       "<matplotlib.legend.Legend at 0x7fe1143f82b0>"
      ]
     },
     "execution_count": 49,
     "metadata": {},
     "output_type": "execute_result"
    },
    {
     "data": {
